started: 2023-04-18-18-15-45.184119
ended:   2023-04-18-18-17-24.916273
