started: 2023-04-19-21-21-34.263969
ended:   2023-04-19-21-22-29.980920
