started: 2023-04-18-18-11-31.838582
ended:   2023-04-18-18-11-38.247207
