started: 2023-04-18-18-12-38.616334
ended:   2023-04-18-18-13-44.092259
